SIZES
  narena                14680064
  nbuffer               245408
  nplugin               0
  maxuse_stack          11880
  maxuse_arena          64512
  maxuse_con            20
  maxuse_efc            72
  solver_nisland        1
  ne                    0
  nf                    12
  nl                    0
  nefc                  72
  nnzJ                  1296
  ncon                  20
  nisland               0
  threadpool            0

TIMER
    0:  duration =  0          number = 0
    1:  duration =  1.5        number = 14
    2:  duration =  0          number = 0
    3:  duration =  1.4        number = 14
    4:  duration =  0.0099     number = 14
    5:  duration =  0.002      number = 14
    6:  duration =  0.099      number = 14
    7:  duration =  0          number = 0
    8:  duration =  0.056      number = 14
    9:  duration =  0.044      number = 14
    10:  duration =  1.3        number = 14
    11:  duration =  0.04       number = 14
    12:  duration =  0.00023    number = 14
    13:  duration =  0.051      number = 14
    14:  duration =  1.1        number = 14

SOLVER STAT
  solver_nisland = 1
  solver_fwdinv =   0         0       
ENERGY =   0         0       

TIME =  0       

QPOS
   0       
   0       
   0.3     
   1       
   0       
   0       
   0       
   0       
   0       
   0       
   0       
   0       
   0       
   0       
   0       
   0       
   0       
   0       
   0       

QVEL
   0       
   0       
   0       
   0       
   0       
   0       
   0       
   0       
   0       
   0       
   0       
   0       
   0       
   0       
   0       
   0       
   0       
   0       

QACC_WARMSTART
   44      
   23      
  -6.3     
   4.1e+02 
  -1.4e+03 
   2.8e+02 
  -4.5e+03 
   7.1e+02 
   79      
   5.5e+03 
   5e+02   
   1.2e+02 
   5e+03   
  -2.6e+03 
   1.8e+03 
  -5.8e+03 
   1e+04   
  -2.6e+03 

CTRL
   0       
   0       
   0       
   0       
   0       
   0       
   0       
   0       
   0       
   0       
   0       
   0       

QFRC_APPLIED
   0       
   0       
   0       
   0       
   0       
   0       
   0       
   0       
   0       
   0       
   0       
   0       
   0       
   0       
   0       
   0       
   0       
   0       

XFRC_APPLIED
   0         0         0         0         0         0       
   0         0         0         0         0         0       
   0         0         0         0         0         0       
   0         0         0         0         0         0       
   0         0         0         0         0         0       
   0         0         0         0         0         0       
   0         0         0         0         0         0       
   0         0         0         0         0         0       
   0         0         0         0         0         0       
   0         0         0         0         0         0       
   0         0         0         0         0         0       
   0         0         0         0         0         0       
   0         0         0         0         0         0       
   0         0         0         0         0         0       

QACC
   44      
   23      
  -6.3     
   4.1e+02 
  -1.4e+03 
   2.8e+02 
  -4.5e+03 
   7.1e+02 
   79      
   5.5e+03 
   5e+02   
   1.2e+02 
   5e+03   
  -2.6e+03 
   1.8e+03 
  -5.8e+03 
   1e+04   
  -2.6e+03 

SENSOR
   0       
   0       
   0       
   0       
   0       
   0       
   0       
   0       
   0       
   0       
   0       
   0       
   0       
   0       
   0       
   0       
   0       
   0       
   0       
   0       
   0       
   0       
   0       
   0       
   0       
   0       
   0       
   0       
   0       
   0       
   0       
   0       
   0       
   0       
   0       
   0       
   1       
   0       
   0       
   0       
   0       
   0       
   0       
   44      
   23      
   3.6     
   0       
   0       
   0.3     
   0       
   0       
   0       

XPOS
   0         0         0       
   0         0         0.3     
   0.11      0.045     0.3     
   0.17      0.098     0.3     
   0.17      0.12      0.16    
   0.11      0.045     0.3     
   0.17     -0.0075    0.3     
   0.17      0.013     0.16    
  -0.11      0.045     0.3     
  -0.17      0.098     0.3     
  -0.17      0.12      0.16    
  -0.11      0.045     0.3     
  -0.17      0.098     0.3     
  -0.17      0.072     0.16    

XQUAT
   1         0         0         0       
   1         0         0         0       
   1         0         0         0       
   1         0         0         0       
   1         0         0         0       
   1         0         0         0       
   1         0         0         0       
   1         0         0         0       
   1         0         0         0       
   1         0         0         0       
   1         0         0         0       
   1         0         0         0       
   1         0         0         0       
   1         0         0         0       

XMAT
   1         0         0         0         1         0         0         0         1       
   1         0         0         0         1         0         0         0         1       
   1         0         0         0         1         0         0         0         1       
   1         0         0         0         1         0         0         0         1       
   1         0         0         0         1         0         0         0         1       
   1         0         0         0         1         0         0         0         1       
   1         0         0         0         1         0         0         0         1       
   1         0         0         0         1         0         0         0         1       
   1         0         0         0         1         0         0         0         1       
   1         0         0         0         1         0         0         0         1       
   1         0         0         0         1         0         0         0         1       
   1         0         0         0         1         0         0         0         1       
   1         0         0         0         1         0         0         0         1       
   1         0         0         0         1         0         0         0         1       

XIPOS
   0         0         0       
   0.0038    0.00032   0.3     
   0.16      0.074     0.3     
   0.17      0.14      0.2     
   0.17      0.11      0.095   
   0.16      0.016     0.3     
   0.17     -0.006     0.3     
   0.17      0.028     0.095   
  -0.16      0.074     0.3     
  -0.17      0.14      0.2     
  -0.17      0.11      0.095   
  -0.16      0.016     0.3     
  -0.17      0.054     0.2     
  -0.17      0.087     0.095   

XIMAT
   1         0         0         0         1         0         0         0         1       
   1         0         0         0         1         0         0         0         1       
   1         0         0         0         1         0         0         0         1       
   1         0         0         0         1         0         0         0         1       
   1         0         0         0         1         0         0         0         1       
   1         0         0         0         1         0         0         0         1       
   1         0         0         0         1         0         0         0         1       
   1         0         0         0         1         0         0         0         1       
   1         0         0         0         1         0         0         0         1       
   1         0         0         0         1         0         0         0         1       
   1         0         0         0         1         0         0         0         1       
   1         0         0         0         1         0         0         0         1       
   1         0         0         0         1         0         0         0         1       
   1         0         0         0         1         0         0         0         1       

XANCHOR
   0         0         0.3     
   0.11      0.045     0.3     
   0.17      0.098     0.3     
   0.17      0.12      0.16    
   0.11      0.045     0.3     
   0.17     -0.0075    0.3     
   0.17      0.013     0.16    
  -0.11      0.045     0.3     
  -0.17      0.098     0.3     
  -0.17      0.12      0.16    
  -0.11      0.045     0.3     
  -0.17      0.098     0.3     
  -0.17      0.072     0.16    

XAXIS
   0         0         1       
   1         0         0       
   0         1         0       
   0         1         0       
   1         0         0       
   0         1         0       
   0         1         0       
   1         0         0       
   0         1         0       
   0         1         0       
   1         0         0       
   0         1         0       
   0         1         0       

GEOM_XPOS
  -2.2e-07   8.4e-07   0.3     
  -2.2e-07   8.4e-07   0.3     
   0.16      0.077     0.3     
   0.16      0.077     0.3     
   0.17      0.14      0.23    
   0.17      0.14      0.23    
   0.17      0.11      0.11    
   0.17      0.11      0.11    
   0.16      0.013     0.3     
   0.16      0.013     0.3     
   0.17     -0.049     0.23    
   0.17     -0.049     0.23    
   0.17      0.027     0.11    
   0.17      0.027     0.11    
  -0.16      0.077     0.3     
  -0.16      0.077     0.3     
  -0.17      0.14      0.23    
  -0.17      0.14      0.23    
  -0.17      0.11      0.11    
  -0.17      0.11      0.11    
  -0.16      0.013     0.3     
  -0.16      0.013     0.3     
  -0.17      0.056     0.23    
  -0.17      0.056     0.23    
  -0.18      0.086     0.11    
  -0.18      0.086     0.11    

GEOM_XMAT
   1.8e-10   3.6e-05   1        -4.9e-06  -1         3.6e-05   1        -4.9e-06   5.6e-17 
   1.8e-10   3.6e-05   1        -4.9e-06  -1         3.6e-05   1        -4.9e-06   5.6e-17 
  -0.11     -0.78     -0.62      0.1       0.61     -0.78      0.99     -0.15      0.012   
  -0.11     -0.78     -0.62      0.1       0.61     -0.78      0.99     -0.15      0.012   
   1         0.0013    1.8e-06  -0.0013    0.99     -0.14     -0.00018   0.14      0.99    
   1         0.0013    1.8e-06  -0.0013    0.99     -0.14     -0.00018   0.14      0.99    
  -0.00016  -1         2.8e-05   1        -0.00016   0.021    -0.021     3.2e-05   1       
  -0.00016  -1         2.8e-05   1        -0.00016   0.021    -0.021     3.2e-05   1       
  -0.11     -0.78      0.62     -0.1      -0.61     -0.78      0.99     -0.15     -0.012   
  -0.11     -0.78      0.62     -0.1      -0.61     -0.78      0.99     -0.15     -0.012   
   1         0.0013   -1.8e-06  -0.0013    0.99      0.14      0.00018  -0.14      0.99    
   1         0.0013   -1.8e-06  -0.0013    0.99      0.14      0.00018  -0.14      0.99    
  -0.00016  -1        -2.8e-05   1        -0.00016  -0.021     0.021    -3.2e-05   1       
  -0.00016  -1        -2.8e-05   1        -0.00016  -0.021     0.021    -3.2e-05   1       
   0.11     -0.78      0.62      0.1      -0.61     -0.78      0.99      0.15      0.012   
   0.11     -0.78      0.62      0.1      -0.61     -0.78      0.99      0.15      0.012   
   1         0.0013    1.8e-06  -0.0013    0.99     -0.14     -0.00018   0.14      0.99    
   1         0.0013    1.8e-06  -0.0013    0.99     -0.14     -0.00018   0.14      0.99    
  -0.00016  -1         2.8e-05   1        -0.00016   0.021    -0.021     3.2e-05   1       
  -0.00016  -1         2.8e-05   1        -0.00016   0.021    -0.021     3.2e-05   1       
   0.11     -0.78     -0.62     -0.1       0.61     -0.78      0.99      0.15     -0.012   
   0.11     -0.78     -0.62     -0.1       0.61     -0.78      0.99      0.15     -0.012   
   1         0.0013   -1.8e-06  -0.0013    0.99      0.14      0.00018  -0.14      0.99    
   1         0.0013   -1.8e-06  -0.0013    0.99      0.14      0.00018  -0.14      0.99    
  -0.00016  -1        -2.8e-05   1        -0.00016  -0.021     0.021    -3.2e-05   1       
  -0.00016  -1        -2.8e-05   1        -0.00016  -0.021     0.021    -3.2e-05   1       

SITE_XPOS
   0         0         0.3     

SITE_XMAT
   1         0         0         0         1         0         0         0         1       

SUBTREE_COM
   0.0016    0.034     0.27    
   0.0016    0.034     0.27    
   0.17      0.11      0.23    
   0.17      0.14      0.18    
   0.17      0.11      0.095   
   0.17      0.0062    0.28    
   0.17     -0.00088   0.27    
   0.17      0.028     0.095   
  -0.17      0.11      0.23    
  -0.17      0.14      0.18    
  -0.17      0.11      0.095   
  -0.17      0.041     0.23    
  -0.17      0.059     0.18    
  -0.17      0.087     0.095   

CDOF
   0         0         0         1         0         0       
   0         0         0         0         1         0       
   0         0         0         0         0         1       
   1         0         0        -0         0.028     0.034   
   0         1         0        -0.028     0        -0.0016  
   0         0         1        -0.034     0.0016    0       
   1         0         0         0         0.028    -0.011   
   0         1         0        -0.028     0         0.17    
   0         1         0         0.11     -0         0.17    
   1         0         0         0         0.028    -0.011   
   0         1         0        -0.028     0         0.17    
   0         1         0         0.11     -0         0.17    
   1         0         0         0         0.028    -0.011   
   0         1         0        -0.028     0        -0.17    
   0         1         0         0.11      0        -0.17    
   1         0         0         0         0.028    -0.011   
   0         1         0        -0.028     0        -0.18    
   0         1         0         0.11      0        -0.18    

CINERT
   0         0         0         0         0         0         0         0         0         0       
   0.015     0.02      0.026     0.00028  -0.00024   0.0037    0.0082   -0.12      0.11      3.6     
   0.0012    0.011     0.012    -0.0026   -0.0018   -0.00044   0.065     0.016     0.011     0.4     
   0.0097    0.018     0.019    -0.0085    0.006     0.0038    0.079     0.05     -0.036     0.47    
   0.0033    0.0052    0.0028   -0.001     0.0025    0.0011    0.014     0.0062   -0.015     0.084   
   0.00073   0.011     0.011     0.0012   -0.0019    0.00021   0.065    -0.0073    0.011     0.4     
   0.0028    0.016     0.015     0.0032   -0.0023    0.00054   0.08     -0.019     0.013     0.47    
   0.0028    0.0052    0.0024    9.3e-05   0.0025   -9.7e-05   0.014    -0.00055  -0.015     0.084   
   0.0012    0.012     0.012     0.0026    0.0019   -0.00045  -0.066     0.016     0.011     0.4     
   0.0097    0.018     0.02      0.0087   -0.0062    0.0038   -0.081     0.05     -0.036     0.47    
   0.0033    0.0053    0.0029    0.0011   -0.0025    0.0011   -0.014     0.0062   -0.015     0.084   
   0.00072   0.012     0.011    -0.0012    0.0019    0.00021  -0.066    -0.0073    0.011     0.4     
   0.0045    0.019     0.015     0.0016   -0.0063    0.00069  -0.083     0.009    -0.036     0.47    
   0.0033    0.0057    0.0029    0.00077  -0.0026    0.00077  -0.015     0.0044   -0.015     0.084   

ACTUATOR_LENGTH
   0       
   0       
   0       
   0       
   0       
   0       
   0       
   0       
   0       
   0       
   0       
   0       

ACTUATOR_MOMENT
   0         0         0         0         0         0         1         0         0         0         0         0         0         0         0         0         0         0       
   0         0         0         0         0         0         0         1         0         0         0         0         0         0         0         0         0         0       
   0         0         0         0         0         0         0         0         1         0         0         0         0         0         0         0         0         0       
   0         0         0         0         0         0         0         0         0         1         0         0         0         0         0         0         0         0       
   0         0         0         0         0         0         0         0         0         0         1         0         0         0         0         0         0         0       
   0         0         0         0         0         0         0         0         0         0         0         1         0         0         0         0         0         0       
   0         0         0         0         0         0         0         0         0         0         0         0         1         0         0         0         0         0       
   0         0         0         0         0         0         0         0         0         0         0         0         0         1         0         0         0         0       
   0         0         0         0         0         0         0         0         0         0         0         0         0         0         1         0         0         0       
   0         0         0         0         0         0         0         0         0         0         0         0         0         0         0         1         0         0       
   0         0         0         0         0         0         0         0         0         0         0         0         0         0         0         0         1         0       
   0         0         0         0         0         0         0         0         0         0         0         0         0         0         0         0         0         1       

CRB
   0         0         0         0         0         0         0         0         0         0       
   0.058     0.16      0.15      0.0062   -0.0091    0.015     0         6.9e-17   3.5e-16   7.5     
   0.014     0.034     0.033    -0.012     0.0067    0.0045    0.16      0.072    -0.039     0.96    
   0.013     0.023     0.022    -0.0095    0.0085    0.0049    0.093     0.057    -0.051     0.56    
   0.0033    0.0052    0.0028   -0.001     0.0025    0.0011    0.014     0.0062   -0.015     0.084   
   0.0064    0.032     0.028     0.0045   -0.0017    0.00066   0.16     -0.027     0.01      0.96    
   0.0057    0.021     0.017     0.0033    0.00019   0.00045   0.094    -0.02     -0.0012    0.56    
   0.0028    0.0052    0.0024    9.3e-05   0.0025   -9.7e-05   0.014    -0.00055  -0.015     0.084   
   0.014     0.035     0.034     0.012    -0.0068    0.0045   -0.16      0.072    -0.039     0.96    
   0.013     0.023     0.023     0.0097   -0.0087    0.0049   -0.095     0.057    -0.051     0.56    
   0.0033    0.0053    0.0029    0.0011   -0.0025    0.0011   -0.014     0.0062   -0.015     0.084   
   0.0085    0.036     0.03      0.0012   -0.0071    0.0017   -0.16      0.0061   -0.039     0.96    
   0.0078    0.025     0.018     0.0024   -0.0089    0.0015   -0.098     0.013    -0.051     0.56    
   0.0033    0.0057    0.0029    0.00077  -0.0026    0.00077  -0.015     0.0044   -0.015     0.084   

QM
   7.5       0         0         0        -0.21     -0.26      0        -0.066    -0.0058    0        -0.017    -0.0058    0        -0.066    -0.0058    0        -0.066    -0.0058  
   0         7.5       0         0.21      0         0.012     0.066     0         0         0.017     0         0         0.066     0         0         0.066     0         0       
   0         0         7.5       0.26     -0.012     0         0.062     0.00012   2.1e-07  -0.037    -0.00074  -2.1e-07   0.062     0.00012   2.1e-07  -0.004    -0.00012  -2.1e-07 
   0         0.21      0.26      0.073     0.0058   -0.0088    0.019     1.7e-05   2.3e-08   0.0056    4.4e-06  -5.8e-09   0.019     1.7e-05   2.3e-08   0.011    -6.5e-06  -1.8e-08 
  -0.21      0        -0.012     0.0058    0.16      0.022    -0.011     0.01      0.0014    0.0063    0.0055    0.0014    0.011     0.01      0.0014   -0.00058   0.011     0.0017  
  -0.26      0.012     0        -0.0088    0.022     0.16      0.011     0.0088    0.00063   0.0029    0.00048   0.00016  -0.011     0.0088    0.00063  -0.012     0.0041    0.0005  
   0         0.066     0.062     0.019    -0.011     0.011     0.026     1.2e-05   1.3e-08   0         0         0         0         0         0         0         0         0       
  -0.066     0         0.00012   1.7e-05   0.01      0.0088    1.2e-05   0.02      0.0014    0         0         0         0         0         0         0         0         0       
  -0.0058    0         2.1e-07   2.3e-08   0.0014    0.00063   1.3e-08   0.0014    0.011     0         0         0         0         0         0         0         0         0       
   0         0.017    -0.037     0.0056    0.0063    0.0029    0         0         0         0.017     3.8e-05   3.6e-09   0         0         0         0         0         0       
  -0.017     0        -0.00074   4.4e-06   0.0055    0.00048   0         0         0         3.8e-05   0.015     0.0014    0         0         0         0         0         0       
  -0.0058    0        -2.1e-07  -5.8e-09   0.0014    0.00016   0         0         0         3.6e-09   0.0014    0.011     0         0         0         0         0         0       
   0         0.066     0.062     0.019     0.011    -0.011     0         0         0         0         0         0         0.026     1.2e-05   1.3e-08   0         0         0       
  -0.066     0         0.00012   1.7e-05   0.01      0.0088    0         0         0         0         0         0         1.2e-05   0.02      0.0014    0         0         0       
  -0.0058    0         2.1e-07   2.3e-08   0.0014    0.00063   0         0         0         0         0         0         1.3e-08   0.0014    0.011     0         0         0       
   0         0.066    -0.004     0.011    -0.00058  -0.012     0         0         0         0         0         0         0         0         0         0.021    -1e-06    -8.7e-09 
  -0.066     0        -0.00012  -6.5e-06   0.011     0.0041    0         0         0         0         0         0         0         0         0        -1e-06     0.021     0.0017  
  -0.0058    0        -2.1e-07  -1.8e-08   0.0017    0.0005    0         0         0         0         0         0         0         0         0        -8.7e-09   0.0017    0.011   

QLD
   6.5       0.0092    0.0026   -0.059    -0.58     -1.4       0.0015   -3.2      -0.55      0.0023   -1.1      -0.55      0.0015   -3.2      -0.55     -0.00016  -3.2      -0.53    
   0.0092    6.7      -0.1       2        -0.079     0.33      2.6       0         0         0.98      0         0         2.6       0         0         3.1       0         0       
   0.0026   -0.1       6.2       4.7       0.0085    0.029     2.4       0.0059    2e-05    -2.1      -0.049    -2e-05     2.4       0.0059    2e-05    -0.19     -0.0059   -1.9e-05 
  -0.059     2         4.7       0.038     0.035    -0.027     0.72      0.00084   2.1e-06   0.32      0.00029  -5.5e-07   0.72      0.00084   2.1e-06   0.53     -0.00032  -1.7e-06 
  -0.58     -0.079     0.0085    0.035     0.13      0.14     -0.41      0.5       0.13      0.36      0.35      0.13      0.41      0.51      0.13     -0.027     0.51      0.15    
  -1.4       0.33      0.029    -0.027     0.14      0.14      0.44      0.43      0.059     0.17      0.03      0.015    -0.44      0.43      0.059    -0.54      0.2       0.046   
   0.0015    2.6       2.4       0.72     -0.41      0.44      0.026     0.00057   1.2e-06   0         0         0         0         0         0         0         0         0       
  -3.2       0         0.0059    0.00084   0.5       0.43      0.00057   0.02      0.13      0         0         0         0         0         0         0         0         0       
  -0.55      0         2e-05     2.1e-06   0.13      0.059     1.2e-06   0.13      0.011     0         0         0         0         0         0         0         0         0       
   0.0023    0.98     -2.1       0.32      0.36      0.17      0         0         0         0.017     0.0025    3.4e-07   0         0         0         0         0         0       
  -1.1       0        -0.049     0.00029   0.35      0.03      0         0         0         0.0025    0.015     0.13      0         0         0         0         0         0       
  -0.55      0        -2e-05    -5.5e-07   0.13      0.015     0         0         0         3.4e-07   0.13      0.011     0         0         0         0         0         0       
   0.0015    2.6       2.4       0.72      0.41     -0.44      0         0         0         0         0         0         0.026     0.00057   1.2e-06   0         0         0       
  -3.2       0         0.0059    0.00084   0.51      0.43      0         0         0         0         0         0         0.00057   0.02      0.13      0         0         0       
  -0.55      0         2e-05     2.1e-06   0.13      0.059     0         0         0         0         0         0         1.2e-06   0.13      0.011     0         0         0       
  -0.00016   3.1      -0.19      0.53     -0.027    -0.54      0         0         0         0         0         0         0         0         0         0.021    -5.1e-05  -8e-07   
  -3.2       0        -0.0059   -0.00032   0.51      0.2       0         0         0         0         0         0         0         0         0        -5.1e-05   0.02      0.15    
  -0.53      0        -1.9e-05  -1.7e-06   0.15      0.046     0         0         0         0         0         0         0         0         0        -8e-07     0.15      0.011   

QLDIAGINV
   0.15    
   0.15    
   0.16    
   26      
   7.6     
   7.4     
   39      
   49      
   94      
   58      
   66      
   94      
   39      
   49      
   94      
   47      
   49      
   92      

QLDIAGSQRTINV
   0.39    
   0.39    
   0.4     
   5.1     
   2.8     
   2.7     
   6.2     
   7       
   9.7     
   7.6     
   8.1     
   9.7     
   6.2     
   7       
   9.7     
   6.8     
   7       
   9.6     

B_rownnz              18 18 9 9 9 9 9 9 9 9 9 9 9 9

B_rowadr              0 18 36 45 54 63 72 81 90 99 108 117 126 135

B_colind              0 1 2 3 4 5 6 7 8 9 10 11 12 13 14 15 16 17 0 1 2 3 4 5 6 7 8 9 10 11 12 13 14 15 16 17 0 1 2 3 4 5 6 7 8 0 1 2 3 4 5 6 7 8 0 1 2 3 4 5 6 7 8 0 1 2 3 4 5 9 10 11 0 1 2 3 4 5 9 10 11 0 1 2 3 4 5 9 10 11 0 1 2 3 4 5 12 13 14 0 1 2 3 4 5 12 13 14 0 1 2 3 4 5 12 13 14 0 1 2 3 4 5 15 16 17 0 1 2 3 4 5 15 16 17 0 1 2 3 4 5 15 16 17

C_rownnz              18 18 18 18 18 18 9 9 9 9 9 9 9 9 9 9 9 9

C_rowadr              0 18 36 54 72 90 108 117 126 135 144 153 162 171 180 189 198 207

C_colind              0 1 2 3 4 5 6 7 8 9 10 11 12 13 14 15 16 17 0 1 2 3 4 5 6 7 8 9 10 11 12 13 14 15 16 17 0 1 2 3 4 5 6 7 8 9 10 11 12 13 14 15 16 17 0 1 2 3 4 5 6 7 8 9 10 11 12 13 14 15 16 17 0 1 2 3 4 5 6 7 8 9 10 11 12 13 14 15 16 17 0 1 2 3 4 5 6 7 8 9 10 11 12 13 14 15 16 17 0 1 2 3 4 5 6 7 8 0 1 2 3 4 5 6 7 8 0 1 2 3 4 5 6 7 8 0 1 2 3 4 5 9 10 11 0 1 2 3 4 5 9 10 11 0 1 2 3 4 5 9 10 11 0 1 2 3 4 5 12 13 14 0 1 2 3 4 5 12 13 14 0 1 2 3 4 5 12 13 14 0 1 2 3 4 5 15 16 17 0 1 2 3 4 5 15 16 17 0 1 2 3 4 5 15 16 17

mapM2C                0 2 5 9 14 20 27 35 44 51 59 68 75 83 92 99 107 116 2 1 4 8 13 19 26 34 43 50 58 67 74 82 91 98 106 115 5 4 3 7 12 18 25 33 42 49 57 66 73 81 90 97 105 114 9 8 7 6 11 17 24 32 41 48 56 65 72 80 89 96 104 113 14 13 12 11 10 16 23 31 40 47 55 64 71 79 88 95 103 112 20 19 18 17 16 15 22 30 39 46 54 63 70 78 87 94 102 111 27 26 25 24 23 22 21 29 38 35 34 33 32 31 30 29 28 37 44 43 42 41 40 39 38 37 36 51 50 49 48 47 46 45 53 62 59 58 57 56 55 54 53 52 61 68 67 66 65 64 63 62 61 60 75 74 73 72 71 70 69 77 86 83 82 81 80 79 78 77 76 85 92 91 90 89 88 87 86 85 84 99 98 97 96 95 94 93 101 110 107 106 105 104 103 102 101 100 109 116 115 114 113 112 111 110 109 108

D_rownnz              18 18 18 18 18 18 9 9 9 9 9 9 9 9 9 9 9 9

D_rowadr              0 18 36 54 72 90 108 117 126 135 144 153 162 171 180 189 198 207

D_colind              0 1 2 3 4 5 6 7 8 9 10 11 12 13 14 15 16 17 0 1 2 3 4 5 6 7 8 9 10 11 12 13 14 15 16 17 0 1 2 3 4 5 6 7 8 9 10 11 12 13 14 15 16 17 0 1 2 3 4 5 6 7 8 9 10 11 12 13 14 15 16 17 0 1 2 3 4 5 6 7 8 9 10 11 12 13 14 15 16 17 0 1 2 3 4 5 6 7 8 9 10 11 12 13 14 15 16 17 0 1 2 3 4 5 6 7 8 0 1 2 3 4 5 6 7 8 0 1 2 3 4 5 6 7 8 0 1 2 3 4 5 9 10 11 0 1 2 3 4 5 9 10 11 0 1 2 3 4 5 9 10 11 0 1 2 3 4 5 12 13 14 0 1 2 3 4 5 12 13 14 0 1 2 3 4 5 12 13 14 0 1 2 3 4 5 15 16 17 0 1 2 3 4 5 15 16 17 0 1 2 3 4 5 15 16 17

mapM2D                0 2 5 9 14 20 27 35 44 51 59 68 75 83 92 99 107 116 2 1 4 8 13 19 26 34 43 50 58 67 74 82 91 98 106 115 5 4 3 7 12 18 25 33 42 49 57 66 73 81 90 97 105 114 9 8 7 6 11 17 24 32 41 48 56 65 72 80 89 96 104 113 14 13 12 11 10 16 23 31 40 47 55 64 71 79 88 95 103 112 20 19 18 17 16 15 22 30 39 46 54 63 70 78 87 94 102 111 27 26 25 24 23 22 21 29 38 35 34 33 32 31 30 29 28 37 44 43 42 41 40 39 38 37 36 51 50 49 48 47 46 45 53 62 59 58 57 56 55 54 53 52 61 68 67 66 65 64 63 62 61 60 75 74 73 72 71 70 69 77 86 83 82 81 80 79 78 77 76 85 92 91 90 89 88 87 86 85 84 99 98 97 96 95 94 93 101 110 107 106 105 104 103 102 101 100 109 116 115 114 113 112 111 110 109 108

mapD2M                0 19 18 38 37 36 57 56 55 54 76 75 74 73 72 95 94 93 92 91 90 114 113 112 111 110 109 108 124 123 122 121 120 119 118 117 134 133 132 131 130 129 128 127 126 141 140 139 138 137 136 135 151 150 149 148 147 146 145 144 161 160 159 158 157 156 155 154 153 168 167 166 165 164 163 162 178 177 176 175 174 173 172 171 188 187 186 185 184 183 182 181 180 195 194 193 192 191 190 189 205 204 203 202 201 200 199 198 215 214 213 212 211 210 209 208 207

QDERIV
   0         0         0         0         0         0         0         0         0         0         0         0         0         0         0         0         0         0       
   0         0         0         0         0         0         0         0         0         0         0         0         0         0         0         0         0         0       
   0         0         0         0         0         0         0         0         0         0         0         0         0         0         0         0         0         0       
   0         0         0         0         0         0         0         0         0         0         0         0         0         0         0         0         0         0       
   0         0         0         0         0         0         0         0         0         0         0         0         0         0         0         0         0         0       
   0         0         0         0         0         0         0         0         0         0         0         0         0         0         0         0         0         0       
   0         0         0         0         0         0         0         0         0         0         0         0         0         0         0         0         0         0       
   0         0         0         0         0         0         0         0         0         0         0         0         0         0         0         0         0         0       
   0         0         0         0         0         0         0         0         0         0         0         0         0         0         0         0         0         0       
   0         0         0         0         0         0         0         0         0         0         0         0         0         0         0         0         0         0       
   0         0         0         0         0         0         0         0         0         0         0         0         0         0         0         0         0         0       
   0         0         0         0         0         0         0         0         0         0         0         0         0         0         0         0         0         0       
   0         0         0         0         0         0         0         0         0         0         0         0         0         0         0         0         0         0       
   0         0         0         0         0         0         0         0         0         0         0         0         0         0         0         0         0         0       
   0         0         0         0         0         0         0         0         0         0         0         0         0         0         0         0         0         0       
   0         0         0         0         0         0         0         0         0         0         0         0         0         0         0         0         0         0       
   0         0         0         0         0         0         0         0         0         0         0         0         0         0         0         0         0         0       
   0         0         0         0         0         0         0         0         0         0         0         0         0         0         0         0         0         0       

QLU
   0         0         0         0         0         0         0         0         0         0         0         0         0         0         0         0         0         0       
   0         0         0         0         0         0         0         0         0         0         0         0         0         0         0         0         0         0       
   0         0         0         0         0         0         0         0         0         0         0         0         0         0         0         0         0         0       
   0         0         0         0         0         0         0         0         0         0         0         0         0         0         0         0         0         0       
   0         0         0         0         0         0         0         0         0         0         0         0         0         0         0         0         0         0       
   0         0         0         0         0         0         0         0         0         0         0         0         0         0         0         0         0         0       
   0         0         0         0         0         0         0         0         0         0         0         0         0         0         0         0         0         0       
   0         0         0         0         0         0         0         0         0         0         0         0         0         0         0         0         0         0       
   0         0         0         0         0         0         0         0         0         0         0         0         0         0         0         0         0         0       
   0         0         0         0         0         0         0         0         0         0         0         0         0         0         0         0         0         0       
   0         0         0         0         0         0         0         0         0         0         0         0         0         0         0         0         0         0       
   0         0         0         0         0         0         0         0         0         0         0         0         0         0         0         0         0         0       
   0         0         0         0         0         0         0         0         0         0         0         0         0         0         0         0         0         0       
   0         0         0         0         0         0         0         0         0         0         0         0         0         0         0         0         0         0       
   0         0         0         0         0         0         0         0         0         0         0         0         0         0         0         0         0         0       
   0         0         0         0         0         0         0         0         0         0         0         0         0         0         0         0         0         0       
   0         0         0         0         0         0         0         0         0         0         0         0         0         0         0         0         0         0       
   0         0         0         0         0         0         0         0         0         0         0         0         0         0         0         0         0         0       

CONTACT
  0:
     dim           3
     geoms         2 : 8
     exclude       0
     efc_address   12
     solref         0.005     1       
     solimp         0.9       0.95      0.001     0.5       2       
     dist          -0.065   
     includemargin  0.001   
     pos            0.14      0.045     0.3     
     frame         -1.8e-05  -1        -4e-05    -7e-10    -4e-05     1        -1         1.8e-05   0       
     friction       1         1         1         0.0001    0.0001  
     mu             0.1     
  1:
     dim           3
     geoms         2 : 9
     exclude       0
     efc_address   15
     solref         0.005     1       
     solimp         0.9       0.95      0.001     0.5       2       
     dist          -0.065   
     includemargin  0.001   
     pos            0.14      0.045     0.3     
     frame         -1.8e-05  -1        -4e-05    -7e-10    -4e-05     1        -1         1.8e-05   0       
     friction       1         1         1         0.0001    0.0001  
     mu             0.1     
  2:
     dim           3
     geoms         3 : 8
     exclude       0
     efc_address   18
     solref         0.005     1       
     solimp         0.9       0.95      0.001     0.5       2       
     dist          -0.065   
     includemargin  0.001   
     pos            0.14      0.045     0.3     
     frame         -1.8e-05  -1        -4e-05    -7e-10    -4e-05     1        -1         1.8e-05   0       
     friction       1         1         1         0.0001    0.0001  
     mu             0.1     
  3:
     dim           3
     geoms         3 : 9
     exclude       0
     efc_address   21
     solref         0.005     1       
     solimp         0.9       0.95      0.001     0.5       2       
     dist          -0.065   
     includemargin  0.001   
     pos            0.14      0.045     0.3     
     frame         -1.8e-05  -1        -4e-05    -7e-10    -4e-05     1        -1         1.8e-05   0       
     friction       1         1         1         0.0001    0.0001  
     mu             0.1     
  4:
     dim           3
     geoms         14 : 20
     exclude       0
     efc_address   24
     solref         0.005     1       
     solimp         0.9       0.95      0.001     0.5       2       
     dist          -0.065   
     includemargin  0.001   
     pos           -0.14      0.045     0.3     
     frame          7.1e-06  -1         1e-05    -7.1e-11   1e-05     1        -1        -7.1e-06   0       
     friction       1         1         1         0.0001    0.0001  
     mu             0.1     
  5:
     dim           3
     geoms         14 : 21
     exclude       0
     efc_address   27
     solref         0.005     1       
     solimp         0.9       0.95      0.001     0.5       2       
     dist          -0.065   
     includemargin  0.001   
     pos           -0.14      0.045     0.3     
     frame          7.1e-06  -1         1e-05    -7.1e-11   1e-05     1        -1        -7.1e-06   0       
     friction       1         1         1         0.0001    0.0001  
     mu             0.1     
  6:
     dim           3
     geoms         15 : 20
     exclude       0
     efc_address   30
     solref         0.005     1       
     solimp         0.9       0.95      0.001     0.5       2       
     dist          -0.065   
     includemargin  0.001   
     pos           -0.14      0.045     0.3     
     frame          7.1e-06  -1         1e-05    -7.1e-11   1e-05     1        -1        -7.1e-06   0       
     friction       1         1         1         0.0001    0.0001  
     mu             0.1     
  7:
     dim           3
     geoms         15 : 21
     exclude       0
     efc_address   33
     solref         0.005     1       
     solimp         0.9       0.95      0.001     0.5       2       
     dist          -0.065   
     includemargin  0.001   
     pos           -0.14      0.045     0.3     
     frame          7.1e-06  -1         1e-05    -7.1e-11   1e-05     1        -1        -7.1e-06   0       
     friction       1         1         1         0.0001    0.0001  
     mu             0.1     
  8:
     dim           3
     geoms         14 : 22
     exclude       0
     efc_address   36
     solref         0.005     1       
     solimp         0.9       0.95      0.001     0.5       2       
     dist          -0.064   
     includemargin  0.001   
     pos           -0.17      0.063     0.29    
     frame         -0.21     -0.071    -0.97     -0.015     1        -0.07      0.98      0        -0.21    
     friction       1         1         1         0.0001    0.0001  
     mu             0.1     
  9:
     dim           3
     geoms         14 : 23
     exclude       0
     efc_address   39
     solref         0.005     1       
     solimp         0.9       0.95      0.001     0.5       2       
     dist          -0.064   
     includemargin  0.001   
     pos           -0.17      0.063     0.29    
     frame         -0.21     -0.071    -0.97     -0.015     1        -0.07      0.98      0        -0.21    
     friction       1         1         1         0.0001    0.0001  
     mu             0.1     
  10:
     dim           3
     geoms         15 : 22
     exclude       0
     efc_address   42
     solref         0.005     1       
     solimp         0.9       0.95      0.001     0.5       2       
     dist          -0.064   
     includemargin  0.001   
     pos           -0.17      0.063     0.29    
     frame         -0.21     -0.071    -0.97     -0.015     1        -0.07      0.98      0        -0.21    
     friction       1         1         1         0.0001    0.0001  
     mu             0.1     
  11:
     dim           3
     geoms         15 : 23
     exclude       0
     efc_address   45
     solref         0.005     1       
     solimp         0.9       0.95      0.001     0.5       2       
     dist          -0.064   
     includemargin  0.001   
     pos           -0.17      0.063     0.29    
     frame         -0.21     -0.071    -0.97     -0.015     1        -0.07      0.98      0        -0.21    
     friction       1         1         1         0.0001    0.0001  
     mu             0.1     
  12:
     dim           3
     geoms         16 : 22
     exclude       0
     efc_address   48
     solref         0.005     1       
     solimp         0.9       0.95      0.001     0.5       2       
     dist          -2.8e-10 
     includemargin  0.001   
     pos           -0.17      0.097     0.3     
     frame          4.2e-08  -1        -2.1e-08   8.9e-16  -2.1e-08   1        -1        -4.2e-08   2e-31   
     friction       1         1         1         0.0001    0.0001  
     mu             0.1     
  13:
     dim           3
     geoms         16 : 23
     exclude       0
     efc_address   51
     solref         0.005     1       
     solimp         0.9       0.95      0.001     0.5       2       
     dist          -2.8e-10 
     includemargin  0.001   
     pos           -0.17      0.097     0.3     
     frame          4.2e-08  -1        -2.1e-08   8.9e-16  -2.1e-08   1        -1        -4.2e-08   2e-31   
     friction       1         1         1         0.0001    0.0001  
     mu             0.1     
  14:
     dim           3
     geoms         17 : 22
     exclude       0
     efc_address   54
     solref         0.005     1       
     solimp         0.9       0.95      0.001     0.5       2       
     dist          -2.8e-10 
     includemargin  0.001   
     pos           -0.17      0.097     0.3     
     frame          4.2e-08  -1        -2.1e-08   8.9e-16  -2.1e-08   1        -1        -4.2e-08   2e-31   
     friction       1         1         1         0.0001    0.0001  
     mu             0.1     
  15:
     dim           3
     geoms         17 : 23
     exclude       0
     efc_address   57
     solref         0.005     1       
     solimp         0.9       0.95      0.001     0.5       2       
     dist          -2.8e-10 
     includemargin  0.001   
     pos           -0.17      0.097     0.3     
     frame          4.2e-08  -1        -2.1e-08   8.9e-16  -2.1e-08   1        -1        -4.2e-08   2e-31   
     friction       1         1         1         0.0001    0.0001  
     mu             0.1     
  16:
     dim           3
     geoms         18 : 24
     exclude       0
     efc_address   60
     solref         0.005     1       
     solimp         0.9       0.95      0.001     0.5       2       
     dist           1.2e-07 
     includemargin  0.001   
     pos           -0.17      0.098     0.031   
     frame          6e-06    -1        -2.2e-07   1.3e-12  -2.2e-07   1        -1        -6e-06    -2e-28   
     friction       1         1         1         0.0001    0.0001  
     mu             0.1     
  17:
     dim           3
     geoms         18 : 25
     exclude       0
     efc_address   63
     solref         0.005     1       
     solimp         0.9       0.95      0.001     0.5       2       
     dist           1.2e-07 
     includemargin  0.001   
     pos           -0.17      0.098     0.031   
     frame          6e-06    -1        -2.2e-07   1.3e-12  -2.2e-07   1        -1        -6e-06    -2e-28   
     friction       1         1         1         0.0001    0.0001  
     mu             0.1     
  18:
     dim           3
     geoms         19 : 24
     exclude       0
     efc_address   66
     solref         0.005     1       
     solimp         0.9       0.95      0.001     0.5       2       
     dist           1.2e-07 
     includemargin  0.001   
     pos           -0.17      0.098     0.031   
     frame          6e-06    -1        -2.2e-07   1.3e-12  -2.2e-07   1        -1        -6e-06    -2e-28   
     friction       1         1         1         0.0001    0.0001  
     mu             0.1     
  19:
     dim           3
     geoms         19 : 25
     exclude       0
     efc_address   69
     solref         0.005     1       
     solimp         0.9       0.95      0.001     0.5       2       
     dist           1.2e-07 
     includemargin  0.001   
     pos           -0.17      0.098     0.031   
     frame          6e-06    -1        -2.2e-07   1.3e-12  -2.2e-07   1        -1        -6e-06    -2e-28   
     friction       1         1         1         0.0001    0.0001  
     mu             0.1     

EFC_TYPE
  1
  1
  1
  1
  1
  1
  1
  1
  1
  1
  1
  1
  7
  7
  7
  7
  7
  7
  7
  7
  7
  7
  7
  7
  7
  7
  7
  7
  7
  7
  7
  7
  7
  7
  7
  7
  7
  7
  7
  7
  7
  7
  7
  7
  7
  7
  7
  7
  7
  7
  7
  7
  7
  7
  7
  7
  7
  7
  7
  7
  7
  7
  7
  7
  7
  7
  7
  7
  7
  7
  7
  7

EFC_ID
  6
  7
  8
  9
  10
  11
  12
  13
  14
  15
  16
  17
  0
  0
  0
  1
  1
  1
  2
  2
  2
  3
  3
  3
  4
  4
  4
  5
  5
  5
  6
  6
  6
  7
  7
  7
  8
  8
  8
  9
  9
  9
  10
  10
  10
  11
  11
  11
  12
  12
  12
  13
  13
  13
  14
  14
  14
  15
  15
  15
  16
  16
  16
  17
  17
  17
  18
  18
  18
  19
  19
  19

EFC_J
   0         0         0         0         0         0         1         0         0         0         0         0         0         0         0         0         0         0       
   0         0         0         0         0         0         0         1         0         0         0         0         0         0         0         0         0         0       
   0         0         0         0         0         0         0         0         1         0         0         0         0         0         0         0         0         0       
   0         0         0         0         0         0         0         0         0         1         0         0         0         0         0         0         0         0       
   0         0         0         0         0         0         0         0         0         0         1         0         0         0         0         0         0         0       
   0         0         0         0         0         0         0         0         0         0         0         1         0         0         0         0         0         0       
   0         0         0         0         0         0         0         0         0         0         0         0         1         0         0         0         0         0       
   0         0         0         0         0         0         0         0         0         0         0         0         0         1         0         0         0         0       
   0         0         0         0         0         0         0         0         0         0         0         0         0         0         1         0         0         0       
   0         0         0         0         0         0         0         0         0         0         0         0         0         0         0         1         0         0       
   0         0         0         0         0         0         0         0         0         0         0         0         0         0         0         0         1         0       
   0         0         0         0         0         0         0         0         0         0         0         0         0         0         0         0         0         1       
   0         0         0         0         0         0        -0.00024   0         0         0.00024   0         0         0         0         0         0         0         0       
   0         0         0         0         0         0        -8.6e-09   0         0         8.6e-09   0         0         0         0         0         0         0         0       
   0         0         0         0         0         0         4.3e-09   0         0        -4.3e-09   0         0         0         0         0         0         0         0       
   0         0         0         0         0         0        -0.00024   0         0         0.00024   0         0         0         0         0         0         0         0       
   0         0         0         0         0         0        -8.6e-09   0         0         8.6e-09   0         0         0         0         0         0         0         0       
   0         0         0         0         0         0         4.3e-09   0         0        -4.3e-09   0         0         0         0         0         0         0         0       
   0         0         0         0         0         0        -0.00024   0         0         0.00024   0         0         0         0         0         0         0         0       
   0         0         0         0         0         0        -8.6e-09   0         0         8.6e-09   0         0         0         0         0         0         0         0       
   0         0         0         0         0         0         4.3e-09   0         0        -4.3e-09   0         0         0         0         0         0         0         0       
   0         0         0         0         0         0        -0.00024   0         0         0.00024   0         0         0         0         0         0         0         0       
   0         0         0         0         0         0        -8.6e-09   0         0         8.6e-09   0         0         0         0         0         0         0         0       
   0         0         0         0         0         0         4.3e-09   0         0        -4.3e-09   0         0         0         0         0         0         0         0       
   0         0         0         0         0         0         0         0         0         0         0         0        -0.00024   0         0         0.00024   0         0       
   0         0         0         0         0         0         0         0         0         0         0         0         1.4e-09   0         0        -1.4e-09   0         0       
   0         0         0         0         0         0         0         0         0         0         0         0        -1.7e-09   0         0         1.7e-09   0         0       
   0         0         0         0         0         0         0         0         0         0         0         0        -0.00024   0         0         0.00024   0         0       
   0         0         0         0         0         0         0         0         0         0         0         0         1.4e-09   0         0        -1.4e-09   0         0       
   0         0         0         0         0         0         0         0         0         0         0         0        -1.7e-09   0         0         1.7e-09   0         0       
   0         0         0         0         0         0         0         0         0         0         0         0        -0.00024   0         0         0.00024   0         0       
   0         0         0         0         0         0         0         0         0         0         0         0         1.4e-09   0         0        -1.4e-09   0         0       
   0         0         0         0         0         0         0         0         0         0         0         0        -1.7e-09   0         0         1.7e-09   0         0       
   0         0         0         0         0         0         0         0         0         0         0         0        -0.00024   0         0         0.00024   0         0       
   0         0         0         0         0         0         0         0         0         0         0         0         1.4e-09   0         0        -1.4e-09   0         0       
   0         0         0         0         0         0         0         0         0         0         0         0        -1.7e-09   0         0         1.7e-09   0         0       
   0         0         0         0         0         0         0         0         0         0         0         0         0.019     0         0        -0.019     0.0081    0       
   0         0         0         0         0         0         0         0         0         0         0         0        -0.013     0         0         0.013     0.00058   0       
   0         0         0         0         0         0         0         0         0         0         0         0         0.0039    0         0        -0.0039   -0.013     0       
   0         0         0         0         0         0         0         0         0         0         0         0         0.019     0         0        -0.019     0.0081    0       
   0         0         0         0         0         0         0         0         0         0         0         0        -0.013     0         0         0.013     0.00058   0       
   0         0         0         0         0         0         0         0         0         0         0         0         0.0039    0         0        -0.0039   -0.013     0       
   0         0         0         0         0         0         0         0         0         0         0         0         0.019     0         0        -0.019     0.0081    0       
   0         0         0         0         0         0         0         0         0         0         0         0        -0.013     0         0         0.013     0.00058   0       
   0         0         0         0         0         0         0         0         0         0         0         0         0.0039    0         0        -0.0039   -0.013     0       
   0         0         0         0         0         0         0         0         0         0         0         0         0.019     0         0        -0.019     0.0081    0       
   0         0         0         0         0         0         0         0         0         0         0         0        -0.013     0         0         0.013     0.00058   0       
   0         0         0         0         0         0         0         0         0         0         0         0         0.0039    0         0        -0.0039   -0.013     0       
   0         0         0         0         0         0         0         0         0         0         0         0         0.00082   8.7e-11   0        -0.00082   1.8e-11   0       
   0         0         0         0         0         0         0         0         0         0         0         0        -0.052    -0.0025    0         0.052    -0.0025    0       
   0         0         0         0         0         0         0         0         0         0         0         0         3.5e-11  -0.00082   0        -3.5e-11   0.00082   0       
   0         0         0         0         0         0         0         0         0         0         0         0         0.00082   8.7e-11   0        -0.00082   1.8e-11   0       
   0         0         0         0         0         0         0         0         0         0         0         0        -0.052    -0.0025    0         0.052    -0.0025    0       
   0         0         0         0         0         0         0         0         0         0         0         0         3.5e-11  -0.00082   0        -3.5e-11   0.00082   0       
   0         0         0         0         0         0         0         0         0         0         0         0         0.00082   8.7e-11   0        -0.00082   1.8e-11   0       
   0         0         0         0         0         0         0         0         0         0         0         0        -0.052    -0.0025    0         0.052    -0.0025    0       
   0         0         0         0         0         0         0         0         0         0         0         0         3.5e-11  -0.00082   0        -3.5e-11   0.00082   0       
   0         0         0         0         0         0         0         0         0         0         0         0         0.00082   8.7e-11   0        -0.00082   1.8e-11   0       
   0         0         0         0         0         0         0         0         0         0         0         0        -0.052    -0.0025    0         0.052    -0.0025    0       
   0         0         0         0         0         0         0         0         0         0         0         0         3.5e-11  -0.00082   0        -3.5e-11   0.00082   0       
   0         0         0         0         0         0         0         0         0         0         0         0         0.27      1.6e-06   8.1e-07  -0.27     -1.6e-06  -8e-07   
   0         0         0         0         0         0         0         0         0         0         0         0        -0.052    -0.0028   -0.0028    0.052    -0.0022   -0.0022  
   0         0         0         0         0         0         0         0         0         0         0         0         1.6e-06  -0.27     -0.13     -1.6e-06   0.27      0.13    
   0         0         0         0         0         0         0         0         0         0         0         0         0.27      1.6e-06   8.1e-07  -0.27     -1.6e-06  -8e-07   
   0         0         0         0         0         0         0         0         0         0         0         0        -0.052    -0.0028   -0.0028    0.052    -0.0022   -0.0022  
   0         0         0         0         0         0         0         0         0         0         0         0         1.6e-06  -0.27     -0.13     -1.6e-06   0.27      0.13    
   0         0         0         0         0         0         0         0         0         0         0         0         0.27      1.6e-06   8.1e-07  -0.27     -1.6e-06  -8e-07   
   0         0         0         0         0         0         0         0         0         0         0         0        -0.052    -0.0028   -0.0028    0.052    -0.0022   -0.0022  
   0         0         0         0         0         0         0         0         0         0         0         0         1.6e-06  -0.27     -0.13     -1.6e-06   0.27      0.13    
   0         0         0         0         0         0         0         0         0         0         0         0         0.27      1.6e-06   8.1e-07  -0.27     -1.6e-06  -8e-07   
   0         0         0         0         0         0         0         0         0         0         0         0        -0.052    -0.0028   -0.0028    0.052    -0.0022   -0.0022  
   0         0         0         0         0         0         0         0         0         0         0         0         1.6e-06  -0.27     -0.13     -1.6e-06   0.27      0.13    

EFC_POS
   0       
   0       
   0       
   0       
   0       
   0       
   0       
   0       
   0       
   0       
   0       
   0       
  -0.065   
   0       
   0       
  -0.065   
   0       
   0       
  -0.065   
   0       
   0       
  -0.065   
   0       
   0       
  -0.065   
   0       
   0       
  -0.065   
   0       
   0       
  -0.065   
   0       
   0       
  -0.065   
   0       
   0       
  -0.064   
   0       
   0       
  -0.064   
   0       
   0       
  -0.064   
   0       
   0       
  -0.064   
   0       
   0       
  -2.8e-10 
   0       
   0       
  -2.8e-10 
   0       
   0       
  -2.8e-10 
   0       
   0       
  -2.8e-10 
   0       
   0       
   1.2e-07 
   0       
   0       
   1.2e-07 
   0       
   0       
   1.2e-07 
   0       
   0       
   1.2e-07 
   0       
   0       

EFC_MARGIN
   0       
   0       
   0       
   0       
   0       
   0       
   0       
   0       
   0       
   0       
   0       
   0       
   0.001   
   0       
   0       
   0.001   
   0       
   0       
   0.001   
   0       
   0       
   0.001   
   0       
   0       
   0.001   
   0       
   0       
   0.001   
   0       
   0       
   0.001   
   0       
   0       
   0.001   
   0       
   0       
   0.001   
   0       
   0       
   0.001   
   0       
   0       
   0.001   
   0       
   0       
   0.001   
   0       
   0       
   0.001   
   0       
   0       
   0.001   
   0       
   0       
   0.001   
   0       
   0       
   0.001   
   0       
   0       
   0.001   
   0       
   0       
   0.001   
   0       
   0       
   0.001   
   0       
   0       
   0.001   
   0       
   0       

EFC_FRICTIONLOSS
   0.2     
   0.2     
   0.2     
   0.2     
   0.2     
   0.2     
   0.2     
   0.2     
   0.2     
   0.2     
   0.2     
   0.2     
   0       
   0       
   0       
   0       
   0       
   0       
   0       
   0       
   0       
   0       
   0       
   0       
   0       
   0       
   0       
   0       
   0       
   0       
   0       
   0       
   0       
   0       
   0       
   0       
   0       
   0       
   0       
   0       
   0       
   0       
   0       
   0       
   0       
   0       
   0       
   0       
   0       
   0       
   0       
   0       
   0       
   0       
   0       
   0       
   0       
   0       
   0       
   0       
   0       
   0       
   0       
   0       
   0       
   0       
   0       
   0       
   0       
   0       
   0       
   0       

EFC_DIAGAPPROX
   57      
   53      
   95      
   64      
   67      
   95      
   55      
   53      
   95      
   57      
   52      
   93      
   0.57    
   0.0057  
   0.0057  
   0.57    
   0.0057  
   0.0057  
   0.57    
   0.0057  
   0.0057  
   0.57    
   0.0057  
   0.0057  
   0.61    
   0.0061  
   0.0061  
   0.61    
   0.0061  
   0.0061  
   0.61    
   0.0061  
   0.0061  
   0.61    
   0.0061  
   0.0061  
   0.88    
   0.0088  
   0.0088  
   0.88    
   0.0088  
   0.0088  
   0.88    
   0.0088  
   0.0088  
   0.88    
   0.0088  
   0.0088  
   1.2     
   0.012   
   0.012   
   1.2     
   0.012   
   0.012   
   1.2     
   0.012   
   0.012   
   1.2     
   0.012   
   0.012   
   3.3     
   0.033   
   0.033   
   3.3     
   0.033   
   0.033   
   3.3     
   0.033   
   0.033   
   3.3     
   0.033   
   0.033   

EFC_KBIP
   0         1.1e+02   0.9       0       
   0         1.1e+02   0.9       0       
   0         1.1e+02   0.9       0       
   0         1.1e+02   0.9       0       
   0         1.1e+02   0.9       0       
   0         1.1e+02   0.9       0       
   0         1.1e+02   0.9       0       
   0         1.1e+02   0.9       0       
   0         1.1e+02   0.9       0       
   0         1.1e+02   0.9       0       
   0         1.1e+02   0.9       0       
   0         1.1e+02   0.9       0       
   4.4e+04   4.2e+02   0.95      0       
   0         4.2e+02   0.95      0       
   0         4.2e+02   0.95      0       
   4.4e+04   4.2e+02   0.95      0       
   0         4.2e+02   0.95      0       
   0         4.2e+02   0.95      0       
   4.4e+04   4.2e+02   0.95      0       
   0         4.2e+02   0.95      0       
   0         4.2e+02   0.95      0       
   4.4e+04   4.2e+02   0.95      0       
   0         4.2e+02   0.95      0       
   0         4.2e+02   0.95      0       
   4.4e+04   4.2e+02   0.95      0       
   0         4.2e+02   0.95      0       
   0         4.2e+02   0.95      0       
   4.4e+04   4.2e+02   0.95      0       
   0         4.2e+02   0.95      0       
   0         4.2e+02   0.95      0       
   4.4e+04   4.2e+02   0.95      0       
   0         4.2e+02   0.95      0       
   0         4.2e+02   0.95      0       
   4.4e+04   4.2e+02   0.95      0       
   0         4.2e+02   0.95      0       
   0         4.2e+02   0.95      0       
   4.4e+04   4.2e+02   0.95      0       
   0         4.2e+02   0.95      0       
   0         4.2e+02   0.95      0       
   4.4e+04   4.2e+02   0.95      0       
   0         4.2e+02   0.95      0       
   0         4.2e+02   0.95      0       
   4.4e+04   4.2e+02   0.95      0       
   0         4.2e+02   0.95      0       
   0         4.2e+02   0.95      0       
   4.4e+04   4.2e+02   0.95      0       
   0         4.2e+02   0.95      0       
   0         4.2e+02   0.95      0       
   4.4e+04   4.2e+02   0.95      0       
   0         4.2e+02   0.95      0       
   0         4.2e+02   0.95      0       
   4.4e+04   4.2e+02   0.95      0       
   0         4.2e+02   0.95      0       
   0         4.2e+02   0.95      0       
   4.4e+04   4.2e+02   0.95      0       
   0         4.2e+02   0.95      0       
   0         4.2e+02   0.95      0       
   4.4e+04   4.2e+02   0.95      0       
   0         4.2e+02   0.95      0       
   0         4.2e+02   0.95      0       
   4.4e+04   4.2e+02   0.95     -0.023   
   0         4.2e+02   0.95     -0.023   
   0         4.2e+02   0.95     -0.023   
   4.4e+04   4.2e+02   0.95     -0.023   
   0         4.2e+02   0.95     -0.023   
   0         4.2e+02   0.95     -0.023   
   4.4e+04   4.2e+02   0.95     -0.023   
   0         4.2e+02   0.95     -0.023   
   0         4.2e+02   0.95     -0.023   
   4.4e+04   4.2e+02   0.95     -0.023   
   0         4.2e+02   0.95     -0.023   
   0         4.2e+02   0.95     -0.023   

EFC_D
   0.16    
   0.17    
   0.095   
   0.14    
   0.13    
   0.095   
   0.16    
   0.17    
   0.095   
   0.16    
   0.17    
   0.097   
   33      
   3.3e+03 
   3.3e+03 
   33      
   3.3e+03 
   3.3e+03 
   33      
   3.3e+03 
   3.3e+03 
   33      
   3.3e+03 
   3.3e+03 
   31      
   3.1e+03 
   3.1e+03 
   31      
   3.1e+03 
   3.1e+03 
   31      
   3.1e+03 
   3.1e+03 
   31      
   3.1e+03 
   3.1e+03 
   22      
   2.2e+03 
   2.2e+03 
   22      
   2.2e+03 
   2.2e+03 
   22      
   2.2e+03 
   2.2e+03 
   22      
   2.2e+03 
   2.2e+03 
   15      
   1.5e+03 
   1.5e+03 
   15      
   1.5e+03 
   1.5e+03 
   15      
   1.5e+03 
   1.5e+03 
   15      
   1.5e+03 
   1.5e+03 
   5.8     
   5.8e+02 
   5.8e+02 
   5.8     
   5.8e+02 
   5.8e+02 
   5.8     
   5.8e+02 
   5.8e+02 
   5.8     
   5.8e+02 
   5.8e+02 

EFC_R
   6.3     
   5.9     
   11      
   7.1     
   7.4     
   11      
   6.1     
   5.9     
   11      
   6.4     
   5.8     
   10      
   0.03    
   0.0003  
   0.0003  
   0.03    
   0.0003  
   0.0003  
   0.03    
   0.0003  
   0.0003  
   0.03    
   0.0003  
   0.0003  
   0.032   
   0.00032 
   0.00032 
   0.032   
   0.00032 
   0.00032 
   0.032   
   0.00032 
   0.00032 
   0.032   
   0.00032 
   0.00032 
   0.046   
   0.00046 
   0.00046 
   0.046   
   0.00046 
   0.00046 
   0.046   
   0.00046 
   0.00046 
   0.046   
   0.00046 
   0.00046 
   0.065   
   0.00065 
   0.00065 
   0.065   
   0.00065 
   0.00065 
   0.065   
   0.00065 
   0.00065 
   0.065   
   0.00065 
   0.00065 
   0.17    
   0.0017  
   0.0017  
   0.17    
   0.0017  
   0.0017  
   0.17    
   0.0017  
   0.0017  
   0.17    
   0.0017  
   0.0017  

ACTUATOR_VELOCITY
   0       
   0       
   0       
   0       
   0       
   0       
   0       
   0       
   0       
   0       
   0       
   0       

CVEL
   0         0         0         0         0         0       
   0         0         0         0         0         0       
   0         0         0         0         0         0       
   0         0         0         0         0         0       
   0         0         0         0         0         0       
   0         0         0         0         0         0       
   0         0         0         0         0         0       
   0         0         0         0         0         0       
   0         0         0         0         0         0       
   0         0         0         0         0         0       
   0         0         0         0         0         0       
   0         0         0         0         0         0       
   0         0         0         0         0         0       
   0         0         0         0         0         0       

CDOF_DOT
   0         0         0         0         0         0       
   0         0         0         0         0         0       
   0         0         0         0         0         0       
   0         0         0         0         0         0       
   0         0         0         0         0         0       
   0         0         0         0         0         0       
   0         0         0         0         0         0       
   0         0         0         0         0         0       
   0         0         0         0         0         0       
   0         0         0         0         0         0       
   0         0         0         0         0         0       
   0         0         0         0         0         0       
   0         0         0         0         0         0       
   0         0         0         0         0         0       
   0         0         0         0         0         0       
   0         0         0         0         0         0       
   0         0         0         0         0         0       
   0         0         0         0         0         0       

QFRC_BIAS
   0       
   0       
   73      
   2.5     
  -0.12    
   0       
   0.61    
   0.0012  
   2e-06   
  -0.36    
  -0.0073  
  -2e-06   
   0.61    
   0.0012  
   2e-06   
  -0.04    
  -0.0012  
  -2e-06   

QFRC_SPRING
   0       
   0       
   0       
   0       
   0       
   0       
   0       
   0       
   0       
   0       
   0       
   0       
   0       
   0       
   0       
   0       
   0       
   0       

QFRC_DAMPER
   0       
   0       
   0       
   0       
   0       
   0       
  -0       
  -0       
  -0       
  -0       
  -0       
  -0       
  -0       
  -0       
  -0       
  -0       
  -0       
  -0       

QFRC_GRAVCOMP
   0       
   0       
   0       
   0       
   0       
   0       
   0       
   0       
   0       
   0       
   0       
   0       
   0       
   0       
   0       
   0       
   0       
   0       

QFRC_FLUID
   0       
   0       
   0       
   0       
   0       
   0       
   0       
   0       
   0       
   0       
   0       
   0       
   0       
   0       
   0       
   0       
   0       
   0       

QFRC_PASSIVE
   0       
   0       
   0       
   0       
   0       
   0       
   0       
   0       
   0       
   0       
   0       
   0       
   0       
   0       
   0       
   0       
   0       
   0       

EFC_VEL
   0       
   0       
   0       
   0       
   0       
   0       
   0       
   0       
   0       
   0       
   0       
   0       
   0       
   0       
   0       
   0       
   0       
   0       
   0       
   0       
   0       
   0       
   0       
   0       
   0       
   0       
   0       
   0       
   0       
   0       
   0       
   0       
   0       
   0       
   0       
   0       
   0       
   0       
   0       
   0       
   0       
   0       
   0       
   0       
   0       
   0       
   0       
   0       
   0       
   0       
   0       
   0       
   0       
   0       
   0       
   0       
   0       
   0       
   0       
   0       
   0       
   0       
   0       
   0       
   0       
   0       
   0       
   0       
   0       
   0       
   0       
   0       

EFC_AREF
  -0       
  -0       
  -0       
  -0       
  -0       
  -0       
  -0       
  -0       
  -0       
  -0       
  -0       
  -0       
   2.8e+03 
  -0       
  -0       
   2.8e+03 
  -0       
  -0       
   2.8e+03 
  -0       
  -0       
   2.8e+03 
  -0       
  -0       
   2.8e+03 
  -0       
  -0       
   2.8e+03 
  -0       
  -0       
   2.8e+03 
  -0       
  -0       
   2.8e+03 
  -0       
  -0       
   2.7e+03 
  -0       
  -0       
   2.7e+03 
  -0       
  -0       
   2.7e+03 
  -0       
  -0       
   2.7e+03 
  -0       
  -0       
   42      
  -0       
  -0       
   42      
  -0       
  -0       
   42      
  -0       
  -0       
   42      
  -0       
  -0       
   42      
  -0       
  -0       
   42      
  -0       
  -0       
   42      
  -0       
  -0       
   42      
  -0       
  -0       

SUBTREE_LINVEL
   0         0         0       
   0         0         0       
   0         0         0       
   0         0         0       
   0         0         0       
   0         0         0       
   0         0         0       
   0         0         0       
   0         0         0       
   0         0         0       
   0         0         0       
   0         0         0       
   0         0         0       
   0         0         0       

SUBTREE_ANGMOM
   0         0         0       
   0         0         0       
   0         0         0       
   0         0         0       
   0         0         0       
   0         0         0       
   0         0         0       
   0         0         0       
   0         0         0       
   0         0         0       
   0         0         0       
   0         0         0       
   0         0         0       
   0         0         0       

ACTUATOR_FORCE
   0       
   0       
   0       
   0       
   0       
   0       
   0       
   0       
   0       
   0       
   0       
   0       

QFRC_ACTUATOR
   0       
   0       
   0       
   0       
   0       
   0       
   0       
   0       
   0       
   0       
   0       
   0       
   0       
   0       
   0       
   0       
   0       
   0       

QFRC_SMOOTH
   0       
   0       
  -73      
  -2.5     
   0.12    
   0       
  -0.61    
  -0.0012  
  -2e-06   
   0.36    
   0.0073  
   2e-06   
  -0.61    
  -0.0012  
  -2e-06   
   0.04    
   0.0012  
   2e-06   

QACC_SMOOTH
   5.8e-17 
   6.7e-16 
  -9.8     
  -6.5e-14 
  -2.7e-15 
  -1.9e-15 
   4.8e-14 
   2.8e-15 
   1.3e-15 
   3.1e-14 
   5.9e-15 
  -1.6e-15 
   4.4e-14 
   9.5e-15 
   4.1e-16 
   3.2e-14 
   8e-15   
   7e-16   

EFC_B
   4.8e-14 
   2.8e-15 
   1.3e-15 
   3.1e-14 
   5.9e-15 
  -1.6e-15 
   4.4e-14 
   9.5e-15 
   4.1e-16 
   3.2e-14 
   8e-15   
   7e-16   
  -2.8e+03 
  -1.4e-22 
   7.1e-23 
  -2.8e+03 
  -1.4e-22 
   7.1e-23 
  -2.8e+03 
  -1.4e-22 
   7.1e-23 
  -2.8e+03 
  -1.4e-22 
   7.1e-23 
  -2.8e+03 
   1.7e-23 
  -2.2e-23 
  -2.8e+03 
   1.7e-23 
  -2.2e-23 
  -2.8e+03 
   1.7e-23 
  -2.2e-23 
  -2.8e+03 
   1.7e-23 
  -2.2e-23 
  -2.7e+03 
  -1.6e-16 
  -5.7e-17 
  -2.7e+03 
  -1.6e-16 
  -5.7e-17 
  -2.7e+03 
  -1.6e-16 
  -5.7e-17 
  -2.7e+03 
  -1.6e-16 
  -5.7e-17 
  -42      
  -7e-16   
  -1.3e-18 
  -42      
  -7e-16   
  -1.3e-18 
  -42      
  -7e-16   
  -1.3e-18 
  -42      
  -7e-16   
  -1.3e-18 
  -42      
  -7.1e-16 
  -3.8e-16 
  -42      
  -7.1e-16 
  -3.8e-16 
  -42      
  -7.1e-16 
  -3.8e-16 
  -42      
  -7.1e-16 
  -3.8e-16 

EFC_FORCE
   0.2     
  -0.2     
  -0.2     
  -0.2     
  -0.2     
  -0.2     
  -0.2     
   0.2     
  -0.2     
   0.2     
  -0.2     
   0.2     
   9.2e+04 
  -0.28    
   0.14    
   9.2e+04 
  -0.28    
   0.14    
   9.2e+04 
  -0.28    
   0.14    
   9.2e+04 
  -0.28    
   0.14    
   8.7e+04 
  -0.047   
   0.058   
   8.7e+04 
  -0.047   
   0.058   
   8.7e+04 
  -0.047   
   0.058   
   8.7e+04 
  -0.047   
   0.058   
   5.6e+04 
   4.7e+04 
   3e+04   
   5.6e+04 
   4.7e+04 
   3e+04   
   5.6e+04 
   4.7e+04 
   3e+04   
   5.6e+04 
   4.7e+04 
   3e+04   
   9.4e+03 
   9.4e+03 
  -1.7e+02 
   9.4e+03 
   9.4e+03 
  -1.7e+02 
   9.4e+03 
   9.4e+03 
  -1.7e+02 
   9.4e+03 
   9.4e+03 
  -1.7e+02 
   26      
   5.3     
  -26      
   26      
   5.3     
  -26      
   26      
   5.3     
  -26      
   26      
   5.3     
  -26      

EFC_STATE
  2
  3
  3
  3
  3
  3
  3
  2
  3
  2
  3
  2
  1
  1
  1
  1
  1
  1
  1
  1
  1
  1
  1
  1
  1
  1
  1
  1
  1
  1
  1
  1
  1
  1
  1
  1
  4
  4
  4
  4
  4
  4
  4
  4
  4
  4
  4
  4
  4
  4
  4
  4
  4
  4
  4
  4
  4
  4
  4
  4
  4
  4
  4
  4
  4
  4
  4
  4
  4
  4
  4
  4

QFRC_CONSTRAINT
   0       
   0       
   0       
   0       
   0       
   0       
  -89      
  -0.2     
  -0.2     
   89      
  -0.2     
  -0.2     
   1.2e+02 
  -66      
   14      
  -1.2e+02 
   1.9e+02 
  -14      

QFRC_INVERSE
   0       
   0       
   0       
   0       
   0       
   0       
   0       
   0       
   0       
   0       
   0       
   0       
   0       
   0       
   0       
   0       
   0       
   0       

CACC
   0         0         0        -0        -0         9.8     
   4.1e+02  -1.4e+03   2.8e+02   73        35        20      
  -4.1e+03  -1.4e+03   2.8e+02   73       -93        68      
  -4.1e+03  -6.7e+02   2.8e+02   53       -93        1.9e+02 
  -4.1e+03  -5.9e+02   2.8e+02   61       -93        2e+02   
   5.9e+03  -1.4e+03   2.8e+02   73        1.9e+02  -38      
   5.9e+03  -8.8e+02   2.8e+02   59        1.9e+02   46      
   5.9e+03  -7.6e+02   2.8e+02   72        1.9e+02   66      
   5.4e+03  -1.4e+03   2.8e+02   73        1.8e+02  -33      
   5.4e+03  -4e+03     2.8e+02   1.5e+02   1.8e+02   4.2e+02 
   5.4e+03  -2.2e+03   2.8e+02   3.4e+02   1.8e+02   1.1e+02 
  -5.4e+03  -1.4e+03   2.8e+02   73       -1.3e+02   82      
  -5.4e+03   8.7e+03   2.8e+02  -2.1e+02  -1.3e+02  -1.7e+03 
  -5.4e+03   6.1e+03   2.8e+02  -4.9e+02  -1.3e+02  -1.2e+03 

CFRC_INT
   1.8e-12  -8e-12     7.3e-12  -8.6e-12  -5.8e-11   5.4e-11 
   1.8e-12  -8e-12     7.3e-12  -8.6e-12  -5.8e-11   5.4e-11 
   1e+04    -1.5      -5.2e+04   49       -3.7e+05  -29      
  -39        5.1      -44        47       -2.3e+02  -66      
  -12       -2.2      -12        12       -64       -0.21    
  -1e+04    -10        5.2e+04   61        3.7e+05   40      
   30       -2.9       25        39        1.4e+02  -6.9     
   20       -5.4       18        17        1.1e+02   13      
   3.7e+03  -3.6e+04   2.6e+04   7e+04    -2.1e+05  -2.2e+05 
   3.5e+03   6.6e+03   6.5e+03   1e+03    -3.8e+04   3.8e+04 
  -5.9      -30       -8.1       1.6e+02  -14        32      
  -3.7e+03   3.7e+04  -2.6e+04  -7e+04     2.1e+05   2.2e+05 
   6.2e+03   3.7e+04   2.5e+04  -7e+04    -1.3e+05   2.2e+05 
   2.9       41        12       -2.3e+02   10       -59      

CFRC_EXT
   0         0         0         0         0         0       
   0         0         0         0         0         0       
  -1.1e+04  -2         5.2e+04   7         3.7e+05   16      
   0         0         0         0         0         0       
   0         0         0         0         0         0       
   1.1e+04   2        -5.2e+04  -7        -3.7e+05  -16      
   0         0         0         0         0         0       
   0         0         0         0         0         0       
  -2.5e+02   4.3e+04  -1.9e+04  -6.9e+04   1.8e+05   2.6e+05 
  -3.4e+03  -6.6e+03  -6.5e+03  -6.7e+02   3.8e+04  -3.8e+04 
   24        21       -12       -1e+02     1.1e+02  -21      
   9.9e+03   0.54      5.1e+04   2.2      -3.5e+05   3.3     
  -6.3e+03  -3.6e+04  -2.5e+04   6.9e+04   1.3e+05  -2.2e+05 
  -24       -21        12        1e+02    -1.1e+02   21      

